function [c,f,s]=pdefun(x,t,u,ux)
rou=[300,862,74.2,1.18];
c=[1377,2100,1726,1005];
K=[0.082,0.37,0.045,0.028];
k=K./(c.*rou);
c=[1;1];
s=0;
f=[k(1)*ux(1);k(2)*ux(2)];
